1.636
0000000000000000
0000001111000000
0000111111110000
0001111111111000
0011111111111100
0011111111111100
0111111111111110
0111111111111110
0111111111111110
0111111111111110
0011111111111100
0011111111111100
0001111111111000
0000111111110000
0000001111000000
0000000000000000
4.909
0000000000000000
0000001111000000
0000111111110000
0001111111111000
0011111111111100
0011111111111100
0111111111111110
0111111111111110
0111111111111110
0111111111111110
0011111111111100
0011111111111100
0001111111111000
0000111111110000
0000001111000000
0000000000000000
8.182
0000000000000000
0000001111000000
0000111111110000
0001111111111000
0011111111111100
0011111111111100
0111111111111110
0111111111111110
0111111111111110
0111111111111110
0011111111111100
0011111111111100
0001111111111000
0000111111110000
0000001111000000
0000000000000000
11.455
0000000000000000
0000001111000000
0000111111110000
0001111111111000
0011111111111100
0011111111111100
0111111111111110
0111111111111110
0111111111111110
0111111111111110
0011111111111100
0011111111111100
0001111111111000
0000111111110000
0000001111000000
0000000000000000
14.727
0000000000000000
0000001111000000
0000111111110000
0001111111111000
0011111111111100
0011111111111100
0111111111111110
0111111111111110
0111111111111110
0111111111111110
0011111111111100
0011111111111100
0001111111111000
0000111111110000
0000001111000000
0000000000000000
18.0
0000000000000000
0000001111000000
0000111111110000
0001111111111000
0011111111111100
0011111111111100
0111111111111110
0111111111111110
0111111111111110
0111111111111110
0011111111111100
0011111111111100
0001111111111000
0000111111110000
0000001111000000
0000000000000000
21.273
0000000000000000
0000001111000000
0000111111110000
0001111111111000
0011111111111100
0011111111111100
0111111111111110
0111111111111110
0111111111111110
0111111111111110
0011111111111100
0011111111111100
0001111111111000
0000111111110000
0000001111000000
0000000000000000
24.545
0000000000000000
0000001111000000
0000111111110000
0001111111111000
0011111111111100
0011111111111100
0111111111111110
0111111111111110
0111111111111110
0111111111111110
0011111111111100
0011111111111100
0001111111111000
0000111111110000
0000001111000000
0000000000000000
27.818
0000000000000000
0000001111000000
0000111111110000
0001111111111000
0011111111111100
0011111111111100
0111111111111110
0111111111111110
0111111111111110
0111111111111110
0011111111111100
0011111111111100
0001111111111000
0000111111110000
0000001111000000
0000000000000000
31.091
0000000000000000
0000001111000000
0000111111110000
0001111111111000
0011111111111100
0011111111111100
0111111111111110
0111111111111110
0111111111111110
0111111111111110
0011111111111100
0011111111111100
0001111111111000
0000111111110000
0000001111000000
0000000000000000
34.364
0000000000000000
0000001111000000
0000111111110000
0001111111111000
0011111111111100
0011111111111100
0111111111111110
0111111111111110
0111111111111110
0111111111111110
0011111111111100
0011111111111100
0001111111111000
0000111111110000
0000001111000000
0000000000000000
37.636
0000000000000000
0000001111000000
0000111111110000
0001111111111000
0011111111111100
0011111111111100
0111111111111110
0111111111111110
0111111111111110
0111111111111110
0011111111111100
0011111111111100
0001111111111000
0000111111110000
0000001111000000
0000000000000000
40.909
0000000000000000
0000001111000000
0000111111110000
0001111111111000
0011111111111100
0011111111111100
0111111111111110
0111111111111110
0111111111111110
0111111111111110
0011111111111100
0011111111111100
0001111111111000
0000111111110000
0000001111000000
0000000000000000
44.182
0000000000000000
0000001111000000
0000111111110000
0001111111111000
0011111111111100
0011111111111100
0111111111111110
0111111111111110
0111111111111110
0111111111111110
0011111111111100
0011111111111100
0001111111111000
0000111111110000
0000001111000000
0000000000000000
47.455
0000000000000000
0000001111000000
0000111111110000
0001111111111000
0011111111111100
0011111111111100
0111111111111110
0111111111111110
0111111111111110
0111111111111110
0011111111111100
0011111111111100
0001111111111000
0000111111110000
0000001111000000
0000000000000000
50.727
0000000000000000
0000001111000000
0000111111110000
0001111111111000
0011111111111100
0011111111111100
0111111111111110
0111111111111110
0111111111111110
0111111111111110
0011111111111100
0011111111111100
0001111111111000
0000111111110000
0000001111000000
0000000000000000
54.0
0000000000000000
0000001111000000
0000111111110000
0001111111111000
0011111111111100
0011111111111100
0111111111111110
0111111111111110
0111111111111110
0111111111111110
0011111111111100
0011111111111100
0001111111111000
0000111111110000
0000001111000000
0000000000000000
57.273
0000000000000000
0000001111000000
0000111111110000
0001111111111000
0011111111111100
0011111111111100
0111111111111110
0111111111111110
0111111111111110
0111111111111110
0011111111111100
0011111111111100
0001111111111000
0000111111110000
0000001111000000
0000000000000000
60.545
0000000000000000
0000001111000000
0000111111110000
0001111111111000
0011111111111100
0011111111111100
0111111111111110
0111111111111110
0111111111111110
0111111111111110
0011111111111100
0011111111111100
0001111111111000
0000111111110000
0000001111000000
0000000000000000
63.818
0000000000000000
0000001111000000
0000111111110000
0001111111111000
0011111111111100
0011111111111100
0111111111111110
0111111111111110
0111111111111110
0111111111111110
0011111111111100
0011111111111100
0001111111111000
0000111111110000
0000001111000000
0000000000000000
67.091
0000000000000000
0000001111000000
0000111111110000
0001111111111000
0011111111111100
0011111111111100
0111111111111110
0111111111111110
0111111111111110
0111111111111110
0011111111111100
0011111111111100
0001111111111000
0000111111110000
0000001111000000
0000000000000000
70.364
0000000000000000
0000001111000000
0000111111110000
0001111111111000
0011111111111100
0011111111111100
0111111111111110
0111111111111110
0111111111111110
0111111111111110
0011111111111100
0011111111111100
0001111111111000
0000111111110000
0000001111000000
0000000000000000
73.636
0000000000000000
0000001111000000
0000111111110000
0001111111111000
0011111111111100
0011111111111100
0111111111111110
0111111111111110
0111111111111110
0111111111111110
0011111111111100
0011111111111100
0001111111111000
0000111111110000
0000001111000000
0000000000000000
76.909
0000000000000000
0000001111000000
0000111111110000
0001111111111000
0011111111111100
0011111111111100
0111111111111110
0111111111111110
0111111111111110
0111111111111110
0011111111111100
0011111111111100
0001111111111000
0000111111110000
0000001111000000
0000000000000000
80.182
0000000000000000
0000001111000000
0000111111110000
0001111111111000
0011111111111100
0011111111111100
0111111111111110
0111111111111110
0111111111111110
0111111111111110
0011111111111100
0011111111111100
0001111111111000
0000111111110000
0000001111000000
0000000000000000
83.455
0000000000000000
0000001111000000
0000111111110000
0001111111111000
0011111111111100
0011111111111100
0111111111111110
0111111111111110
0111111111111110
0111111111111110
0011111111111100
0011111111111100
0001111111111000
0000111111110000
0000001111000000
0000000000000000
86.727
0000000000000000
0000001111000000
0000111111110000
0001111111111000
0011111111111100
0011111111111100
0111111111111110
0111111111111110
0111111111111110
0111111111111110
0011111111111100
0011111111111100
0001111111111000
0000111111110000
0000001111000000
0000000000000000
90.0
0000000000000000
0000001111000000
0000111111110000
0001111111111000
0011111111111100
0011111111111100
0111111111111110
0111111111111110
0111111111111110
0111111111111110
0011111111111100
0011111111111100
0001111111111000
0000111111110000
0000001111000000
0000000000000000
93.273
0000000000000000
0000001111000000
0000111111110000
0001111111111000
0011111111111100
0011111111111100
0111111111111110
0111111111111110
0111111111111110
0111111111111110
0011111111111100
0011111111111100
0001111111111000
0000111111110000
0000001111000000
0000000000000000
96.545
0000000000000000
0000001111000000
0000111111110000
0001111111111000
0011111111111100
0011111111111100
0111111111111110
0111111111111110
0111111111111110
0111111111111110
0011111111111100
0011111111111100
0001111111111000
0000111111110000
0000001111000000
0000000000000000
99.818
0000000000000000
0000001111000000
0000111111110000
0001111111111000
0011111111111100
0011111111111100
0111111111111110
0111111111111110
0111111111111110
0111111111111110
0011111111111100
0011111111111100
0001111111111000
0000111111110000
0000001111000000
0000000000000000
103.091
0000000000000000
0000001111000000
0000111111110000
0001111111111000
0011111111111100
0011111111111100
0111111111111110
0111111111111110
0111111111111110
0111111111111110
0011111111111100
0011111111111100
0001111111111000
0000111111110000
0000001111000000
0000000000000000
106.364
0000000000000000
0000001111000000
0000111111110000
0001111111111000
0011111111111100
0011111111111100
0111111111111110
0111111111111110
0111111111111110
0111111111111110
0011111111111100
0011111111111100
0001111111111000
0000111111110000
0000001111000000
0000000000000000
109.636
0000000000000000
0000001111000000
0000111111110000
0001111111111000
0011111111111100
0011111111111100
0111111111111110
0111111111111110
0111111111111110
0111111111111110
0011111111111100
0011111111111100
0001111111111000
0000111111110000
0000001111000000
0000000000000000
112.909
0000000000000000
0000001111000000
0000111111110000
0001111111111000
0011111111111100
0011111111111100
0111111111111110
0111111111111110
0111111111111110
0111111111111110
0011111111111100
0011111111111100
0001111111111000
0000111111110000
0000001111000000
0000000000000000
116.182
0000000000000000
0000001111000000
0000111111110000
0001111111111000
0011111111111100
0011111111111100
0111111111111110
0111111111111110
0111111111111110
0111111111111110
0011111111111100
0011111111111100
0001111111111000
0000111111110000
0000001111000000
0000000000000000
119.455
0000000000000000
0000001111000000
0000111111110000
0001111111111000
0011111111111100
0011111111111100
0111111111111110
0111111111111110
0111111111111110
0111111111111110
0011111111111100
0011111111111100
0001111111111000
0000111111110000
0000001111000000
0000000000000000
122.727
0000000000000000
0000001111000000
0000111111110000
0001111111111000
0011111111111100
0011111111111100
0111111111111110
0111111111111110
0111111111111110
0111111111111110
0011111111111100
0011111111111100
0001111111111000
0000111111110000
0000001111000000
0000000000000000
126.0
0000000000000000
0000001111000000
0000111111110000
0001111111111000
0011111111111100
0011111111111100
0111111111111110
0111111111111110
0111111111111110
0111111111111110
0011111111111100
0011111111111100
0001111111111000
0000111111110000
0000001111000000
0000000000000000
129.273
0000000000000000
0000001111000000
0000111111110000
0001111111111000
0011111111111100
0011111111111100
0111111111111110
0111111111111110
0111111111111110
0111111111111110
0011111111111100
0011111111111100
0001111111111000
0000111111110000
0000001111000000
0000000000000000
132.545
0000000000000000
0000001111000000
0000111111110000
0001111111111000
0011111111111100
0011111111111100
0111111111111110
0111111111111110
0111111111111110
0111111111111110
0011111111111100
0011111111111100
0001111111111000
0000111111110000
0000001111000000
0000000000000000
135.818
0000000000000000
0000001111000000
0000111111110000
0001111111111000
0011111111111100
0011111111111100
0111111111111110
0111111111111110
0111111111111110
0111111111111110
0011111111111100
0011111111111100
0001111111111000
0000111111110000
0000001111000000
0000000000000000
139.091
0000000000000000
0000001111000000
0000111111110000
0001111111111000
0011111111111100
0011111111111100
0111111111111110
0111111111111110
0111111111111110
0111111111111110
0011111111111100
0011111111111100
0001111111111000
0000111111110000
0000001111000000
0000000000000000
142.364
0000000000000000
0000001111000000
0000111111110000
0001111111111000
0011111111111100
0011111111111100
0111111111111110
0111111111111110
0111111111111110
0111111111111110
0011111111111100
0011111111111100
0001111111111000
0000111111110000
0000001111000000
0000000000000000
145.636
0000000000000000
0000001111000000
0000111111110000
0001111111111000
0011111111111100
0011111111111100
0111111111111110
0111111111111110
0111111111111110
0111111111111110
0011111111111100
0011111111111100
0001111111111000
0000111111110000
0000001111000000
0000000000000000
148.909
0000000000000000
0000001111000000
0000111111110000
0001111111111000
0011111111111100
0011111111111100
0111111111111110
0111111111111110
0111111111111110
0111111111111110
0011111111111100
0011111111111100
0001111111111000
0000111111110000
0000001111000000
0000000000000000
152.182
0000000000000000
0000001111000000
0000111111110000
0001111111111000
0011111111111100
0011111111111100
0111111111111110
0111111111111110
0111111111111110
0111111111111110
0011111111111100
0011111111111100
0001111111111000
0000111111110000
0000001111000000
0000000000000000
155.455
0000000000000000
0000001111000000
0000111111110000
0001111111111000
0011111111111100
0011111111111100
0111111111111110
0111111111111110
0111111111111110
0111111111111110
0011111111111100
0011111111111100
0001111111111000
0000111111110000
0000001111000000
0000000000000000
158.727
0000000000000000
0000001111000000
0000111111110000
0001111111111000
0011111111111100
0011111111111100
0111111111111110
0111111111111110
0111111111111110
0111111111111110
0011111111111100
0011111111111100
0001111111111000
0000111111110000
0000001111000000
0000000000000000
162.0
0000000000000000
0000001111000000
0000111111110000
0001111111111000
0011111111111100
0011111111111100
0111111111111110
0111111111111110
0111111111111110
0111111111111110
0011111111111100
0011111111111100
0001111111111000
0000111111110000
0000001111000000
0000000000000000
165.273
0000000000000000
0000001111000000
0000111111110000
0001111111111000
0011111111111100
0011111111111100
0111111111111110
0111111111111110
0111111111111110
0111111111111110
0011111111111100
0011111111111100
0001111111111000
0000111111110000
0000001111000000
0000000000000000
168.545
0000000000000000
0000001111000000
0000111111110000
0001111111111000
0011111111111100
0011111111111100
0111111111111110
0111111111111110
0111111111111110
0111111111111110
0011111111111100
0011111111111100
0001111111111000
0000111111110000
0000001111000000
0000000000000000
171.818
0000000000000000
0000001111000000
0000111111110000
0001111111111000
0011111111111100
0011111111111100
0111111111111110
0111111111111110
0111111111111110
0111111111111110
0011111111111100
0011111111111100
0001111111111000
0000111111110000
0000001111000000
0000000000000000
175.091
0000000000000000
0000001111000000
0000111111110000
0001111111111000
0011111111111100
0011111111111100
0111111111111110
0111111111111110
0111111111111110
0111111111111110
0011111111111100
0011111111111100
0001111111111000
0000111111110000
0000001111000000
0000000000000000
178.364
0000000000000000
0000001111000000
0000111111110000
0001111111111000
0011111111111100
0011111111111100
0111111111111110
0111111111111110
0111111111111110
0111111111111110
0011111111111100
0011111111111100
0001111111111000
0000111111110000
0000001111000000
0000000000000000
